114	1	hr	1020
114	1	hr	1029
114	1	hr	1030
115	2	hr	1119
115	1	hr	1159
115	1	hr	1252
115	1	hr	1297
114	1	hr	1335
115	1	hr	1430
115	1	hr	1431
114	1	hr	1560
114	2	hr	1567
115	2	hr	1635
114	2	hr	1644
114	1	hr	1731
114	1	hr	1732
114	1	hr	1734
114	1	hr	1806
115	2	hr	1917
115	2	hr	2
115	2	hr	200
114	1	hr	2042
115	2	hr	2083
114	2	hr	212
114	1	hr	22
114	1	hr	2262
114	2	hr	2285
114	1	hr	23
114	2	hr	2406
114	2	hr	2576
114	2	hr	2646
114	1	hr	2647
114	1	hr	2820
114	1	hr	2898
115	1	hr	2936
115	1	hr	3017
115	1	hr	3218
114	2	hr	3293
114	2	hr	34
114	1	hr	3578
114	2	hr	3797
115	1	hr	3922
114	1	hr	4127
115	1	hr	4254
115	1	hr	4323
115	1	hr	4375
114	2	hr	4470
114	2	hr	4557
114	2	hr	4570
114	2	hr	4742
114	2	hr	4755
114	2	hr	4775
114	1	hr	5
114	2	hr	5049
114	2	hr	5052
115	2	hr	5086
115	2	hr	5089
114	2	hr	5303
114	2	hr	5312
114	1	hr	5388
115	2	hr	5509
114	2	hr	5587
115	2	hr	6
114	2	hr	6076
115	2	hr	6227
114	1	hr	636
114	2	hr	6416
115	2	hr	7279
114	1	hr	8
115	2	hr	8
115	1	hr	806
114	2	hr	897
115	1	hr	953
114	2	s	1252
114	2	s	612
115	2	s	756
114	2	s	764
